   0.0000000e+00   2.2400000e+02   0.0000000e+00   2.7607282e+02   7.3765076e+02
   2.8000000e+01   2.2400000e+02   0.0000000e+00   2.2428780e+02   7.1961423e+02
   5.6000000e+01   2.2400000e+02   0.0000000e+00   1.7784465e+02   7.0341104e+02
   8.4000000e+01   2.2400000e+02   0.0000000e+00   1.3604882e+02   6.8918666e+02
   1.1200000e+02   2.2400000e+02   0.0000000e+00   9.8134994e+01   6.7560796e+02
   1.4000000e+02   2.2400000e+02   0.0000000e+00   6.3552602e+01   6.6370167e+02
   0.0000000e+00   1.9600000e+02   0.0000000e+00   3.2331188e+02   7.1462021e+02
   2.8000000e+01   1.9600000e+02   0.0000000e+00   2.7325066e+02   6.9850579e+02
   5.6000000e+01   1.9600000e+02   0.0000000e+00   2.2692499e+02   6.8451373e+02
   8.4000000e+01   1.9600000e+02   0.0000000e+00   1.8583999e+02   6.7149196e+02
   1.1200000e+02   1.9600000e+02   0.0000000e+00   1.4739234e+02   6.5961715e+02
   1.4000000e+02   1.9600000e+02   0.0000000e+00   1.1277188e+02   6.4859207e+02
   0.0000000e+00   1.6800000e+02   0.0000000e+00   3.6464873e+02   6.9354552e+02
   2.8000000e+01   1.6800000e+02   0.0000000e+00   3.1535613e+02   6.7928949e+02
   5.6000000e+01   1.6800000e+02   0.0000000e+00   2.7077512e+02   6.6612967e+02
   8.4000000e+01   1.6800000e+02   0.0000000e+00   2.2958274e+02   6.5440667e+02
   1.1200000e+02   1.6800000e+02   0.0000000e+00   1.9188495e+02   6.4354499e+02
   1.4000000e+02   1.6800000e+02   0.0000000e+00   1.5677972e+02   6.3382662e+02
   0.0000000e+00   1.4000000e+02   0.0000000e+00   4.0053341e+02   6.7400504e+02
   2.8000000e+01   1.4000000e+02   0.0000000e+00   3.5312825e+02   6.6147733e+02
   5.6000000e+01   1.4000000e+02   0.0000000e+00   3.0888166e+02   6.4970927e+02
   8.4000000e+01   1.4000000e+02   0.0000000e+00   2.6924088e+02   6.3886295e+02
   1.1200000e+02   1.4000000e+02   0.0000000e+00   2.3180359e+02   6.2968259e+02
   1.4000000e+02   1.4000000e+02   0.0000000e+00   1.9749150e+02   6.2051146e+02
   0.0000000e+00   1.1200000e+02   0.0000000e+00   4.3271538e+02   6.5678816e+02
   2.8000000e+01   1.1200000e+02   0.0000000e+00   3.8596954e+02   6.4558753e+02
   5.6000000e+01   1.1200000e+02   0.0000000e+00   3.4333271e+02   6.3532520e+02
   8.4000000e+01   1.1200000e+02   0.0000000e+00   3.0416683e+02   6.2569308e+02
   1.1200000e+02   1.1200000e+02   0.0000000e+00   2.6747549e+02   6.1731974e+02
   1.4000000e+02   1.1200000e+02   0.0000000e+00   2.3357788e+02   6.0871452e+02
   0.0000000e+00   8.4000000e+01   0.0000000e+00   4.6117456e+02   6.4139705e+02
   2.8000000e+01   8.4000000e+01   0.0000000e+00   4.1577175e+02   6.3174780e+02
   5.6000000e+01   8.4000000e+01   0.0000000e+00   3.7382205e+02   6.2244357e+02
   8.4000000e+01   8.4000000e+01   0.0000000e+00   3.3556732e+02   6.1359074e+02
   1.1200000e+02   8.4000000e+01   0.0000000e+00   2.9974476e+02   6.0612447e+02
   1.4000000e+02   8.4000000e+01   0.0000000e+00   2.6627766e+02   5.9861226e+02
   0.0000000e+00   5.6000000e+01   0.0000000e+00   4.8684878e+02   6.2803681e+02
   2.8000000e+01   5.6000000e+01   0.0000000e+00   4.4247277e+02   6.1949240e+02
   5.6000000e+01   5.6000000e+01   0.0000000e+00   4.0140344e+02   6.1048946e+02
   8.4000000e+01   5.6000000e+01   0.0000000e+00   3.6414344e+02   6.0252809e+02
   1.1200000e+02   5.6000000e+01   0.0000000e+00   3.2883071e+02   5.9547915e+02
   1.4000000e+02   5.6000000e+01   0.0000000e+00   2.9611089e+02   5.8879391e+02
   0.0000000e+00   2.8000000e+01   0.0000000e+00   5.1010827e+02   6.1648409e+02
   2.8000000e+01   2.8000000e+01   0.0000000e+00   4.6703746e+02   6.0766356e+02
   5.6000000e+01   2.8000000e+01   0.0000000e+00   4.2666469e+02   5.9948129e+02
   8.4000000e+01   2.8000000e+01   0.0000000e+00   3.9004555e+02   5.9209914e+02
   1.1200000e+02   2.8000000e+01   0.0000000e+00   3.5548104e+02   5.8559648e+02
   1.4000000e+02   2.8000000e+01   0.0000000e+00   3.2328895e+02   5.7948423e+02
   0.0000000e+00   0.0000000e+00   0.0000000e+00   5.3136416e+02   6.0313939e+02
   2.8000000e+01   0.0000000e+00   0.0000000e+00   4.8835185e+02   5.9532212e+02
   5.6000000e+01   0.0000000e+00   0.0000000e+00   4.4979317e+02   5.8774075e+02
   8.4000000e+01   0.0000000e+00   0.0000000e+00   4.1281303e+02   5.8102740e+02
   1.1200000e+02   0.0000000e+00   0.0000000e+00   3.7984590e+02   5.7488814e+02
   1.4000000e+02   0.0000000e+00   0.0000000e+00   3.4736949e+02   5.6928065e+02
