   0.0000000e+00   2.2400000e+02   0.0000000e+00   6.0021464e+02   6.6224691e+02
   2.8000000e+01   2.2400000e+02   0.0000000e+00   5.4283559e+02   6.7173442e+02
   5.6000000e+01   2.2400000e+02   0.0000000e+00   4.8213940e+02   6.8220824e+02
   8.4000000e+01   2.2400000e+02   0.0000000e+00   4.1774686e+02   6.9338628e+02
   1.1200000e+02   2.2400000e+02   0.0000000e+00   3.4910003e+02   7.0561228e+02
   1.4000000e+02   2.2400000e+02   0.0000000e+00   2.7505687e+02   7.1924648e+02
   0.0000000e+00   1.9600000e+02   0.0000000e+00   5.5937984e+02   6.4052945e+02
   2.8000000e+01   1.9600000e+02   0.0000000e+00   5.0558445e+02   6.4863180e+02
   5.6000000e+01   1.9600000e+02   0.0000000e+00   4.4839668e+02   6.5741980e+02
   8.4000000e+01   1.9600000e+02   0.0000000e+00   3.8861336e+02   6.6649964e+02
   1.1200000e+02   1.9600000e+02   0.0000000e+00   3.2449208e+02   6.7665211e+02
   1.4000000e+02   1.9600000e+02   0.0000000e+00   2.5642854e+02   6.8770910e+02
   0.0000000e+00   1.6800000e+02   0.0000000e+00   5.2490286e+02   6.2112122e+02
   2.8000000e+01   1.6800000e+02   0.0000000e+00   4.7361193e+02   6.2762795e+02
   5.6000000e+01   1.6800000e+02   0.0000000e+00   4.2009939e+02   6.3463856e+02
   8.4000000e+01   1.6800000e+02   0.0000000e+00   3.6392531e+02   6.4213217e+02
   1.1200000e+02   1.6800000e+02   0.0000000e+00   3.0450111e+02   6.5061886e+02
   1.4000000e+02   1.6800000e+02   0.0000000e+00   2.4073718e+02   6.5996017e+02
   0.0000000e+00   1.4000000e+02   0.0000000e+00   4.9408357e+02   6.0293322e+02
   2.8000000e+01   1.4000000e+02   0.0000000e+00   4.4603001e+02   6.0887909e+02
   5.6000000e+01   1.4000000e+02   0.0000000e+00   3.9537433e+02   6.1491178e+02
   8.4000000e+01   1.4000000e+02   0.0000000e+00   3.4280046e+02   6.2139271e+02
   1.1200000e+02   1.4000000e+02   0.0000000e+00   2.8679140e+02   6.2899638e+02
   1.4000000e+02   1.4000000e+02   0.0000000e+00   2.2747560e+02   6.3644022e+02
   0.0000000e+00   1.1200000e+02   0.0000000e+00   4.6756264e+02   5.8724515e+02
   2.8000000e+01   1.1200000e+02   0.0000000e+00   4.2189450e+02   5.9242344e+02
   5.6000000e+01   1.1200000e+02   0.0000000e+00   3.7410947e+02   5.9801195e+02
   8.4000000e+01   1.1200000e+02   0.0000000e+00   3.2445563e+02   6.0376803e+02
   1.1200000e+02   1.1200000e+02   0.0000000e+00   2.7173373e+02   6.1042622e+02
   1.4000000e+02   1.1200000e+02   0.0000000e+00   2.1601448e+02   6.1683168e+02
   0.0000000e+00   8.4000000e+01   0.0000000e+00   4.4406772e+02   5.7286777e+02
   2.8000000e+01   8.4000000e+01   0.0000000e+00   4.0062273e+02   5.7822470e+02
   5.6000000e+01   8.4000000e+01   0.0000000e+00   3.5546162e+02   5.8314113e+02
   8.4000000e+01   8.4000000e+01   0.0000000e+00   3.0851929e+02   5.8824403e+02
   1.1200000e+02   8.4000000e+01   0.0000000e+00   2.5866732e+02   5.9411405e+02
   1.4000000e+02   8.4000000e+01   0.0000000e+00   2.0589007e+02   6.0028552e+02
   0.0000000e+00   5.6000000e+01   0.0000000e+00   4.2331249e+02   5.6067320e+02
   2.8000000e+01   5.6000000e+01   0.0000000e+00   3.8208875e+02   5.6536048e+02
   5.6000000e+01   5.6000000e+01   0.0000000e+00   3.3892946e+02   5.6959253e+02
   8.4000000e+01   5.6000000e+01   0.0000000e+00   2.9436426e+02   5.7428012e+02
   1.1200000e+02   5.6000000e+01   0.0000000e+00   2.4687149e+02   5.7951935e+02
   1.4000000e+02   5.6000000e+01   0.0000000e+00   1.9712433e+02   5.8483562e+02
   0.0000000e+00   2.8000000e+01   0.0000000e+00   4.0467218e+02   5.5016582e+02
   2.8000000e+01   2.8000000e+01   0.0000000e+00   3.6547955e+02   5.5369857e+02
   5.6000000e+01   2.8000000e+01   0.0000000e+00   3.2425232e+02   5.5735346e+02
   8.4000000e+01   2.8000000e+01   0.0000000e+00   2.8156136e+02   5.6142761e+02
   1.1200000e+02   2.8000000e+01   0.0000000e+00   2.3652167e+02   5.6618965e+02
   1.4000000e+02   2.8000000e+01   0.0000000e+00   1.8914407e+02   5.7083930e+02
   0.0000000e+00   0.0000000e+00   0.0000000e+00   3.8860054e+02   5.3838578e+02
   2.8000000e+01   0.0000000e+00   0.0000000e+00   3.5032814e+02   5.4145791e+02
   5.6000000e+01   0.0000000e+00   0.0000000e+00   3.1146035e+02   5.4481161e+02
   8.4000000e+01   0.0000000e+00   0.0000000e+00   2.6995278e+02   5.4824115e+02
   1.1200000e+02   0.0000000e+00   0.0000000e+00   2.2744939e+02   5.5230930e+02
   1.4000000e+02   0.0000000e+00   0.0000000e+00   1.8176290e+02   5.5634875e+02
