   0.0000000e+00   1.4000000e+02   0.0000000e+00   1.7647528e+02   5.1355221e+02
   2.8000000e+01   1.4000000e+02   0.0000000e+00   1.7427122e+02   4.7078063e+02
   5.6000000e+01   1.4000000e+02   0.0000000e+00   1.7235676e+02   4.2746048e+02
   8.4000000e+01   1.4000000e+02   0.0000000e+00   1.7053788e+02   3.8338336e+02
   1.1200000e+02   1.4000000e+02   0.0000000e+00   1.6846928e+02   3.3851524e+02
   1.4000000e+02   1.4000000e+02   0.0000000e+00   1.6648027e+02   2.9256828e+02
   1.6800000e+02   1.4000000e+02   0.0000000e+00   1.6445520e+02   2.4593401e+02
   1.9600000e+02   1.4000000e+02   0.0000000e+00   1.6216703e+02   2.0056160e+02
   2.2400000e+02   1.4000000e+02   0.0000000e+00   1.5989193e+02   1.5438149e+02
   2.5200000e+02   1.4000000e+02   0.0000000e+00   1.5791911e+02   1.0691770e+02
   0.0000000e+00   1.1200000e+02   0.0000000e+00   2.2020981e+02   5.1052133e+02
   2.8000000e+01   1.1200000e+02   0.0000000e+00   2.1790468e+02   4.6872437e+02
   5.6000000e+01   1.1200000e+02   0.0000000e+00   2.1646236e+02   4.2653057e+02
   8.4000000e+01   1.1200000e+02   0.0000000e+00   2.1485057e+02   3.8327024e+02
   1.1200000e+02   1.1200000e+02   0.0000000e+00   2.1323513e+02   3.3938495e+02
   1.4000000e+02   1.1200000e+02   0.0000000e+00   2.1157791e+02   2.9427431e+02
   1.6800000e+02   1.1200000e+02   0.0000000e+00   2.0976615e+02   2.4844691e+02
   1.9600000e+02   1.1200000e+02   0.0000000e+00   2.0748091e+02   2.0373662e+02
   2.2400000e+02   1.1200000e+02   0.0000000e+00   2.0556072e+02   1.5830547e+02
   2.5200000e+02   1.1200000e+02   0.0000000e+00   2.0410329e+02   1.1163422e+02
   0.0000000e+00   8.4000000e+01   0.0000000e+00   2.6149717e+02   5.0748379e+02
   2.8000000e+01   8.4000000e+01   0.0000000e+00   2.5989698e+02   4.6675065e+02
   5.6000000e+01   8.4000000e+01   0.0000000e+00   2.5868727e+02   4.2554173e+02
   8.4000000e+01   8.4000000e+01   0.0000000e+00   2.5761017e+02   3.8317817e+02
   1.1200000e+02   8.4000000e+01   0.0000000e+00   2.5647996e+02   3.4013961e+02
   1.4000000e+02   8.4000000e+01   0.0000000e+00   2.5518083e+02   2.9573746e+02
   1.6800000e+02   8.4000000e+01   0.0000000e+00   2.5366867e+02   2.5089810e+02
   1.9600000e+02   8.4000000e+01   0.0000000e+00   2.5135515e+02   2.0708623e+02
   2.2400000e+02   8.4000000e+01   0.0000000e+00   2.4962913e+02   1.6221931e+02
   2.5200000e+02   8.4000000e+01   0.0000000e+00   2.4860533e+02   1.1642823e+02
   0.0000000e+00   5.6000000e+01   0.0000000e+00   3.0115529e+02   5.0468814e+02
   2.8000000e+01   5.6000000e+01   0.0000000e+00   2.9957545e+02   4.6489421e+02
   5.6000000e+01   5.6000000e+01   0.0000000e+00   2.9885360e+02   4.2457815e+02
   8.4000000e+01   5.6000000e+01   0.0000000e+00   2.9846710e+02   3.8299453e+02
   1.1200000e+02   5.6000000e+01   0.0000000e+00   2.9792240e+02   3.4063015e+02
   1.4000000e+02   5.6000000e+01   0.0000000e+00   2.9687349e+02   2.9723170e+02
   1.6800000e+02   5.6000000e+01   0.0000000e+00   2.9548441e+02   2.5322515e+02
   1.9600000e+02   5.6000000e+01   0.0000000e+00   2.9316572e+02   2.1017662e+02
   2.2400000e+02   5.6000000e+01   0.0000000e+00   2.9197210e+02   1.6561214e+02
   2.5200000e+02   5.6000000e+01   0.0000000e+00   2.9131039e+02   1.2072934e+02
   0.0000000e+00   2.8000000e+01   0.0000000e+00   3.3857949e+02   5.0208196e+02
   2.8000000e+01   2.8000000e+01   0.0000000e+00   3.3812831e+02   4.6319033e+02
   5.6000000e+01   2.8000000e+01   0.0000000e+00   3.3799257e+02   4.2353428e+02
   8.4000000e+01   2.8000000e+01   0.0000000e+00   3.3828803e+02   3.8269670e+02
   1.1200000e+02   2.8000000e+01   0.0000000e+00   3.3824124e+02   3.4122478e+02
   1.4000000e+02   2.8000000e+01   0.0000000e+00   3.3740298e+02   2.9848609e+02
   1.6800000e+02   2.8000000e+01   0.0000000e+00   3.3635190e+02   2.5530474e+02
   1.9600000e+02   2.8000000e+01   0.0000000e+00   3.3409253e+02   2.1315859e+02
   2.2400000e+02   2.8000000e+01   0.0000000e+00   3.3274999e+02   1.6955646e+02
   2.5200000e+02   2.8000000e+01   0.0000000e+00   3.3176355e+02   1.2586323e+02
   0.0000000e+00   0.0000000e+00   0.0000000e+00   3.7557274e+02   4.9963138e+02
   2.8000000e+01   0.0000000e+00   0.0000000e+00   3.7524984e+02   4.6146774e+02
   5.6000000e+01   0.0000000e+00   0.0000000e+00   3.7594873e+02   4.2254417e+02
   8.4000000e+01   0.0000000e+00   0.0000000e+00   3.7660937e+02   3.8243367e+02
   1.1200000e+02   0.0000000e+00   0.0000000e+00   3.7682767e+02   3.4144062e+02
   1.4000000e+02   0.0000000e+00   0.0000000e+00   3.7633612e+02   2.9952268e+02
   1.6800000e+02   0.0000000e+00   0.0000000e+00   3.7517234e+02   2.5724922e+02
   1.9600000e+02   0.0000000e+00   0.0000000e+00   3.7319367e+02   2.1563893e+02
   2.2400000e+02   0.0000000e+00   0.0000000e+00   3.7170243e+02   1.7328813e+02
   2.5200000e+02   0.0000000e+00   0.0000000e+00   3.7091043e+02   1.3036197e+02
