   0.0000000e+00   1.4000000e+02   0.0000000e+00   3.7017799e+02   5.3351304e+02
   2.8000000e+01   1.4000000e+02   0.0000000e+00   3.7288593e+02   4.9628384e+02
   5.6000000e+01   1.4000000e+02   0.0000000e+00   3.7404226e+02   4.5853799e+02
   8.4000000e+01   1.4000000e+02   0.0000000e+00   3.7452272e+02   4.2049888e+02
   1.1200000e+02   1.4000000e+02   0.0000000e+00   3.7521410e+02   3.8196372e+02
   1.4000000e+02   1.4000000e+02   0.0000000e+00   3.7534754e+02   3.4246532e+02
   1.6800000e+02   1.4000000e+02   0.0000000e+00   3.7679639e+02   3.0224564e+02
   1.9600000e+02   1.4000000e+02   0.0000000e+00   3.8081509e+02   2.6255797e+02
   2.2400000e+02   1.4000000e+02   0.0000000e+00   3.8415719e+02   2.2244100e+02
   2.5200000e+02   1.4000000e+02   0.0000000e+00   3.8634302e+02   1.8205905e+02
   0.0000000e+00   1.1200000e+02   0.0000000e+00   4.0174058e+02   5.3772873e+02
   2.8000000e+01   1.1200000e+02   0.0000000e+00   4.0422480e+02   4.9943536e+02
   5.6000000e+01   1.1200000e+02   0.0000000e+00   4.0541713e+02   4.6054604e+02
   8.4000000e+01   1.1200000e+02   0.0000000e+00   4.0637057e+02   4.2128489e+02
   1.1200000e+02   1.1200000e+02   0.0000000e+00   4.0716607e+02   3.8148702e+02
   1.4000000e+02   1.1200000e+02   0.0000000e+00   4.0778834e+02   3.4063082e+02
   1.6800000e+02   1.1200000e+02   0.0000000e+00   4.0955087e+02   2.9926047e+02
   1.9600000e+02   1.1200000e+02   0.0000000e+00   4.1355120e+02   2.5854843e+02
   2.2400000e+02   1.1200000e+02   0.0000000e+00   4.1684547e+02   2.1701502e+02
   2.5200000e+02   1.1200000e+02   0.0000000e+00   4.1926913e+02   1.7524257e+02
   0.0000000e+00   8.4000000e+01   0.0000000e+00   4.3518640e+02   5.4259425e+02
   2.8000000e+01   8.4000000e+01   0.0000000e+00   4.3766423e+02   5.0266136e+02
   5.6000000e+01   8.4000000e+01   0.0000000e+00   4.3897789e+02   4.6267000e+02
   8.4000000e+01   8.4000000e+01   0.0000000e+00   4.3971613e+02   4.2199665e+02
   1.1200000e+02   8.4000000e+01   0.0000000e+00   4.4079185e+02   3.8084312e+02
   1.4000000e+02   8.4000000e+01   0.0000000e+00   4.4211674e+02   3.3861454e+02
   1.6800000e+02   8.4000000e+01   0.0000000e+00   4.4420662e+02   2.9599432e+02
   1.9600000e+02   8.4000000e+01   0.0000000e+00   4.4877183e+02   2.5402466e+02
   2.2400000e+02   8.4000000e+01   0.0000000e+00   4.5187713e+02   2.1116790e+02
   2.5200000e+02   8.4000000e+01   0.0000000e+00   4.5353268e+02   1.6777112e+02
   0.0000000e+00   5.6000000e+01   0.0000000e+00   4.7114513e+02   5.4746045e+02
   2.8000000e+01   5.6000000e+01   0.0000000e+00   4.7322669e+02   5.0646396e+02
   5.6000000e+01   5.6000000e+01   0.0000000e+00   4.7419676e+02   4.6494987e+02
   8.4000000e+01   5.6000000e+01   0.0000000e+00   4.7496422e+02   4.2268834e+02
   1.1200000e+02   5.6000000e+01   0.0000000e+00   4.7577296e+02   3.8016184e+02
   1.4000000e+02   5.6000000e+01   0.0000000e+00   4.7790637e+02   3.3645566e+02
   1.6800000e+02   5.6000000e+01   0.0000000e+00   4.8105798e+02   2.9243574e+02
   1.9600000e+02   5.6000000e+01   0.0000000e+00   4.8576412e+02   2.4918751e+02
   2.2400000e+02   5.6000000e+01   0.0000000e+00   4.8860868e+02   2.0472638e+02
   2.5200000e+02   5.6000000e+01   0.0000000e+00   4.9080467e+02   1.6043159e+02
   0.0000000e+00   2.8000000e+01   0.0000000e+00   5.0960005e+02   5.5307958e+02
   2.8000000e+01   2.8000000e+01   0.0000000e+00   5.1160613e+02   5.1046727e+02
   5.6000000e+01   2.8000000e+01   0.0000000e+00   5.1261921e+02   4.6739731e+02
   8.4000000e+01   2.8000000e+01   0.0000000e+00   5.1325834e+02   4.2360557e+02
   1.1200000e+02   2.8000000e+01   0.0000000e+00   5.1477845e+02   3.7933954e+02
   1.4000000e+02   2.8000000e+01   0.0000000e+00   5.1740340e+02   3.3412065e+02
   1.6800000e+02   2.8000000e+01   0.0000000e+00   5.2117099e+02   2.8855470e+02
   1.9600000e+02   2.8000000e+01   0.0000000e+00   5.2610340e+02   2.4425264e+02
   2.2400000e+02   2.8000000e+01   0.0000000e+00   5.2921028e+02   1.9862632e+02
   2.5200000e+02   2.8000000e+01   0.0000000e+00   5.3166271e+02   1.5279540e+02
   0.0000000e+00   0.0000000e+00   0.0000000e+00   5.5130571e+02   5.5899856e+02
   2.8000000e+01   0.0000000e+00   0.0000000e+00   5.5273956e+02   5.1475508e+02
   5.6000000e+01   0.0000000e+00   0.0000000e+00   5.5329710e+02   4.7025428e+02
   8.4000000e+01   0.0000000e+00   0.0000000e+00   5.5435826e+02   4.2461737e+02
   1.1200000e+02   0.0000000e+00   0.0000000e+00   5.5650157e+02   3.7844887e+02
   1.4000000e+02   0.0000000e+00   0.0000000e+00   5.5969760e+02   3.3156573e+02
   1.6800000e+02   0.0000000e+00   0.0000000e+00   5.6359669e+02   2.8457504e+02
   1.9600000e+02   0.0000000e+00   0.0000000e+00   5.6847347e+02   2.3857276e+02
   2.2400000e+02   0.0000000e+00   0.0000000e+00   5.7231492e+02   1.9200832e+02
   2.5200000e+02   0.0000000e+00   0.0000000e+00   5.7536526e+02   1.4466574e+02
